1|Москва-Центральный-Тверская-3-1|5|1|0|1.0.1998|0|12|0
2|Санкт-Петербург-Северный-Невский-2-1|4|1|1|0.1.2003|1|25|1
3|Новосибирск-Западный-Ленина-5-1|2|1|0|1.1.1995|1|8|1
4|Екатеринбург-Южный-Карла-1-1|3|1|1|1.0.2007|0|15|0
5|Казань-Восточный-Баумана-4-1|1|1|0|0.1.2010|1|7|0
6|Челябинск-Центральный-Кирова-3-1|5|1|1|1.0.1999|1|20|1
7|Омск-Северный-Гагарина-2-1|2|1|0|1.1.2005|0|10|0
8|Ростов-на-Дону-Южный-Садовая-5-1|3|1|1|0.0.2012|1|18|0
9|Уфа-Восточный-Октябрьская-1-1|4|1|0|1.1.1996|0|22|0
10|Волгоград-Центральный-Советская-4-1|5|1|1|0.0.2008|1|14|1
11|Пермь-Северный-Комсомольская-3-1|1|1|0|1.1.2002|0|9|0
12|Красноярск-Восточный-Мира-2-1|5|1|1|1.0.2011|1|19|0
13|Воронеж-Центральный-Октября-5-1|4|1|0|0.1.1997|0|23|1
14|Самара-Южный-Московское-1-1|2|1|1|1.0.2006|1|16|0
15|Тольятти-Западный-Ленина-4-1|3|1|0|1.1.2013|0|11|0
16|Ижевск-Северный-Пушкинская-3-1|4|1|1|0.0.2000|1|21|0
17|Барнаул-Восточный-Пролетарская-2-1|1|1|0|1.1.2009|0|13|0
18|Ульяновск-Центральный-Спасская-5-1|2|1|1|1.0.1994|1|26|1
19|Иркутск-Северный-Байкальская-1-1|5|1|0|0.1.2014|0|17|0
20|Томск-Восточный-Красноармейская-4-1|2|1|1|1.0.1993|1|24|1
21|Кемерово-Южный-Советская-3-1|3|1|0|1.1.2015|0|27|0
22|Тула-Центральный-Ленина-2-1|4|1|1|0.0.2004|1|28|0
23|Оренбург-Восточный-Чкалова-5-1|1|1|0|1.1.2016|0|29|1
24|Липецк-Южный-Гагарина-1-1|2|1|1|1.0.1992|1|30|0
25|Калуга-Центральный-Кирова-4-1|5|1|0|0.1.2017|0|5|0
26|Брянск-Северный-Московская-3-1|2|1|1|1.0.2018|1|6|1
27|Курск-Восточный-Карла-2-1|3|1|0|1.1.1991|0|3|1
28|Смоленск-Центральный-Октябрьская-5-1|4|1|1|0.0.2019|1|4|1
29|Рязань-Южный-Первомайский-1-1|1|1|0|1.1.2020|0|2|1
